version https://git-lfs.github.com/spec/v1
oid sha256:58b84df45cbdf46ea90e93362d892ec5e2c3fc2887104ff98f4a0d8b0f0c0ba1
size 5832
